select concat('update contract.contract_document set contract_document_id=',a.contract_custom_id,' where contract_id=',a.contract_id,';' )

from (
select contract_id,contract_custom_id  from contract.contract
where contract_id in (2957804574850717703,
2957764296244763657,
2957403062852953091,
2957352636908610564,
2957336123715658760,
2957335688061690880,
2957335269243660291,
2957334851222545417,
2957314725576217601,
2957311814444032006,
2957311037138839560,
2957240232489035780,
2957239817596868609,
2957239264577889280,
2957238629568650243,
2957237879551597577,
2957237297843576837,
2957236417291392002,
2957235886955209735,
2957235189534730240,
2957234633076414464,
2957086341394895876,
2957086027719676935,
2957085681798650889,
2957085335223311369,
2957084965570910215,
2957083451804654600,
2957083053765202950,
2957082734041799681,
2957059034269652999,
2957053899921463301,
2957044827516083207,
2956559583906141192,
2956546364089078790,
2956545836797957125,
2956480989083244549,
2956377714698785798,
2956374523026379783,
2956374306239583235,
2956335756005643265,
2956335574367115267,
2956335330711608324,
2955954273084544009,
2955953593884121095,
2955953329869460483,
2955949085233814530,
2955948811731638281,
2955948174927240193,
2954322078238544898,
2954222801411676168,
2953524273920120836,
2953524047872304136,
2953520831705163782,
2953061202332264456,
2951276854494928901,
2949314862808868869,
2949141915540428803,
2949141887170156551,
2948552551445866497,
2948551926771392519,
2948551577620748290,
2948366831733217280,
2948366343851774985,
2948365363231890436,
2947094570036403207,
2947093741854301192,
2947093290144538626,
2947092969305445377,
2947091989608305667,
2946977771680737287,
2946976461799598085,
2944148637950714889,
2944147366346789889,
2942793344335519750,
2942241523439277063,
2942197896201672706,
2942197415777704965,
2942196684047817732,
2942196397627185152,
2941224568448130055,
2941209943707000839,
2941209508120143878,
2940006652985776129,
2940006323498030084,
2940005692012012545,
2940005135075551238,
2940002054879352840,
2940001414149086208,
2939999711630759943,
2939999077091286017,
2939997099946711042,
2939996581077750793,
2939995133505999872,
2939994585536959488,
2939992852056285185,
2939959467669757958,
2939958830739526657,
2939958414589074437,
2939957989597025288,
2939957050844685319,
2939956624267189254,
2939956122301278213,
2939955657706610697,
2939955148182560769,
2939954532030916615,
2939953970648488961,
2939953538047975425,
2939953147281447942,
2939950942176454665,
2939950183888234502,
2939949857596548099,
2939949523738335240,
2939948963572261893,
2939948604372068358,
2939947884184900615,
2939947498585756677,
2939946927069898755,
2939946429315064838,
2939945496459909125,
2939945003494975491,
2939944483887813634,
2939944178852861960,
2939944114629680131,
2939943650236341252,
2939943229539262465,
2939942945232562179,
2939942454884870144,
2939942029196567555,
2939941667043581955,
2939941300696291333,
2939940939952594949,
2939940626721974274,
2939940533977523209,
2939940329312264192,
2939939962738480129,
2939939432133858312,
2939898913798265860,
2939893016489402368,
2939891641680434177,
2939891273823198215,
2939890815176055809,
2939890244960427008,
2939889689743629315,
2939889272141944834,
2939888775460852737,
2939887772493715465,
2939887426908234760,
2939886721753456643,
2939886208160930816,
2939885681020805123,
2939884222057325572,
2939883858604104713,
2939883631490934790,
2939883104476635141,
2939881198358405122,
2939880790697222144,
2939880327193072645,
2939877364739383301,
2939873761907744768,
2939871343992151040,
2939870073948511238,
2939869439862023168,
2939869135699486720,
2939867953929168901,
2939867470493686784,
2939867051507883013,
2939866227788518404,
2939865778058466311,
2939865542942564358,
2939865137596634121,
2939855092003674119,
2939854607058248704,
2939854169491676161,
2939851621351333896,
2939851339728985096,
2939850909410172935,
2939850521126676485,
2939850122978171913,
2939849598446904321,
2939849278144686089,
2939848733329761280,
2939848138174799877,
2939846034873947137,
2939844962264589316,
2939844452639876098,
2939843084759901191,
2939842857655117833,
2939814947615448068,
2939811760514835461,
2939811363557516296,
2939810529721488388,
2939810259499264008,
2939804094358921222,
2939803632826094592,
2939803388356892678,
2939802806674038788,
2939802396018122753,
2939801811214701576,
2939801198217177095,
2939800790706984964,
2939799838935522308,
2939463882172835847,
2939414627974420488,
2939414206807581698,
2939413931250198534,
2939413750618297352,
2939413433923182598,
2939412815540163593,
2939412492461317120,
2939412382142735363,
2939411923445261321,
2939411457625857032,
2939411218105933825,
2939410805898124290,
2939410422354192391,
2939406093790520324,
2939382457461415939,
2939381982657811461,
2939379720711609348,
2939379640910782467,
2939375772747470854,
2939375147250915332,
2939374870670119942,
2939374300412550144,
2939373291699218440,
2939372839142203400,
2939371629974689801,
2939371589197669385,
2939370742141197319,
2939369789732202502,
2939369046216315910,
2939369010229190660,
2939368082977628164,
2939367780174043141,
2939367019084030978,
2939366788003046409,
2939361937265304583,
2939359345067988997,
2939359050728513537,
2939358536548787200,
2939358316893082627,
2939357539747275783,
2939349035040939011,
2939348752688782338,
2939347894962006023,
2939346037145378819,
2939345661016972296,
2939343344494483462,
2939342673472956417,
2939339765301945350,
2939339666014377984,
2939339047195158533,
2939338781435665409,
2939338485997282309,
2939338023600432134,
2939337515116569609,
2939336880308659200,
2939335065584313351,
2939334787241912326,
2939334469556935687,
2939334149036614659,
2939333815597834244,
2939080898949190657,
2938930027158346758,
2938646185797265408,
2938644624459211782,
2938643711241791491,
2938634030670718985,
2938633648938722307,
2938633139121072136,
2938632702796011523,
2938632271009193991,
2938631638290046981,
2938631275063317513,
2938631212719187969,
2938628107113894921,
2938627738661067777,
2938627144948950021,
2938626721122918401,
2938626129776382982,
2938625427012362244,
2938625137647326210,
2938625121088218119,
2938624828996884483,
2938623866345397257,
2938623392691036160,
2938622647950415873,
2938621779050011655,
2938620770982600706,
2938620405792941062,
2938620134060758022,
2938619748721661957,
2938618369827443713,
2938617900870704134,
2938617545084676098,
2938616773156576260,
2938616420465943556,
2938616064528917505,
2938615568787350533,
2938614946159699968,
2938614447305957381,
2938613947579798528,
2938611877388787721,
2938610752283514886,
2936412040480201728,
2936408452513176578,
2936407260416482304,
2936403951437781001,
2936403552567860227,
2936399694009506824,
2936398557755776007,
2936397769327287300,
2936396833494180873,
2936395579481166856,
2936387327280321536,
2936062547691870212,
2924588458867465220,
2924538594028724231,
2918883056951535623,
2918881673259034629,
2917904232940085256,
2917402388585291781,
2916514478763844616,
2916501286654354438)
) a;
