合同编号
3202087371491380226
3202087370451191808
3202087366567267335
3202087365887788038
3202087364344284165
3202087362851113990
3202087355821458435
3202087355662074886
3202087353908855814
3202087352340187144
3202087352096917505
3202087351752985601
3202087351560047616
3202087351375497221
3202087350805070850
3202087349882326023
3202087349471282181
3202087348691143683
3202087347332189192
3202087347206358020
3202087347172804615
3202087345679632389
3202087344429728772
3202087343473428485
3202087341300780036
3202087341183337481
3202087340621301764
3202087340453530626
3202087340327701508
3202087339782441993
3202087339346232324
3202087339312678915
3202087338792584194
3202087337802729480
3202087337299412993
3202087335353256963
3202087335277759490
3202087335252592649
3202087334061410310
3202087333608425472
3202087332501128198
3202087331335112706
3202087331268002816
3202087330739521539
3202087330194263043
3202087330018101251
3202087328508150793
3202087327895783429
3202087327140808712
3202087326360669184
3202087326201284613
3202087325354036231
3202087323474985988
3202087323441432580
3202087323332379649
3202087322803898372
3202087322552239108
3202087322166364160
3202087321629492231
3202087321503663105
3202087321201673218
3202087321017125897
3202087320153097225
3202087318710256643
3202087318609595394
3202087318341158921
3202087317544241156
3202087317108033544
3202087316831210497
3202087316722157569
3202087316395001858
3202087308643927048
3202087308442600452
3202087308232885257
3202087308039949315
3202087307729570823
3202087307528243205
3202087307452745736
3202087307394025472
3202087306957816834
3202087306899098624
3202087368697972738
3202087368010105858
3202087367506790409
3202087366953141255
3202087365040538624
3202087364327506953
3202087363161491465
3202087362641397766
3202087362263911427
3202087362180025350
3202087361961920518
3202087361609600009
3202087361601210376
3202087361559266308
3202087361542489093
3202087361517323269
3202087360309365764
3202087359948654595
3202087357927000064
3202087357608231938
3202087356979088387
3202087356542880772
3202087355301364738
3202087354630276104
3202087354168902664
3202087352390518788
3202087352013031426
3202087351635544067
3202087350553413636
3202087346736595969
3202087346635932676
3202087344681388034
3202087344127740932
3202087344018686979
3202087343582480384
3202087341149784064
3202087340218648584
3202087339799217155
3202087339555947523
3202087338960358400
3202087338792585220
3202087336980644871
3202087336854816774
3202087336301169669
3202087335437140993
3202087335260980229
3202087334514395142
3202087333902026755
3202087332987668480
3202087332014589952
3202087330974403584
3202087330806629379
3202087329690946569
3202087329548340225
3202087329506397188
3202087328021613576
3202087327736398850
3202087327090477061
3202087327040146441
3202087326092231681
3202087325840575493
3202087323131054089
3202087321629494279
3202087320950017028
3202087320908072964
3202087318852864000
3202087318810920967
3202087318106277890
3202087317368080387
3202087316806042630
3202087316420166665
3202087308803312649
3202087308752979974
3202087308643928070
3202087308560043008
3202087308375491586
3202087308308384775
3202087308241275909
3202087308132222981
3202087307956062211
3202087307930896387
3202087307838621705
3202087307821844489
3202087307637295107
3202087307586962436
3202087307377247239
3202087307284973570
3202087307209477121
3202087307159144455
3202087307050091527
3202087306991371264
3202098464871810048
3202087727076082691
3202081945110579200
3202080418149041152
3202079313847519237
3202078088615822344
3202076790143191042
3202075301123326978
3202073863525633030
3202071585926286343
3202069973577108484
3202069670521865217
3202067275280680969
3202064866600946692
3202114210591017989
3200801997687203848
3200089144298667013
3202098930766710793
3202098930741544960
3202098930733157381
3202098930775099398
3202098930749932550
3202098930749932549
3202055413671529478
3202054964360905733
3202042541730038790
