合同编号
2937785391287146502
2937675282057831425
2937649896511017989
2937648918088948741
2937648176938654725
2937186152190351365
2937185779325114377
2937179291508578311
2937176038465116164
2937176038515448837
2937043758740449289
2936998667338424326
2936998667380367363
2936998667380368388
2936998667296482309
2936998667371978756
2936954129173489672
2936950238193166342
2936950238285440002
2936950238285438977
2936950238201552897
2936950238193164288
2936947197566035976
2936946512720076803
2936911902321712133
2936804105873565700
2936345543439328257
2936338831890229253
2936338033848393730
2936328061773191169
2936248780728607744
2936225496972699648
2936225496897202183
2936225496964311043
2936225497039807494
2936225497123692549
2936225497031418887
2936225496930754564
2936140670521352197
2936078791870553091
2936078381189474309
2936077552982204417
2936077293161848839
2936077042359247875
2936076723357261827
2936076522961805317
2936076329973490688
2936076325510752261
2936076325519138819
2936076325510750215
2936076037840215047
2936068366030379016
2936068366013600770
2936066252906473474
2936066252948415488
2934155217006012423
2934104254811512840
2934010181094254601
2934010181178140677
2934010181186527233
2934010181119420425
2934010181203306501
2933943574422661129
2933927607311311876
2933600841585697799
2933600841661195274
2933588506338960384
2933494219232290819
2933494219223902213
2933494219190346753
2933387205323827206
2933387205323827205
2933387205382546439
2933381545756499977
2933381545655838724
2933381545655838725
2933381545756500995
2933372955377309703
2933310720881761289
2933242272692611073
2933242272591946761
2933242272550002697
2933222023163322369
2933222022995552260
2933222023071047686
2933222023087824903
2933222022970385418
2933222022970385417
2933190126580311046
2933182973823980545
2933151382007488521
2932762515542679561
2932132712888178697
2932002424728101897
2931987383182202885
2931914001753350144
2931898603339292672
2931898603389626372
2931868157205321730
2931848304381700096
2931841302788087811
2931841302804867074
2931840750549246979
2931317805322115079
2931260804143551492
2931260804193885193
2931260804093221888
2931132233215416329
2931132241620802563
2931132240161183748
2931132239137774594
2931132235077687301
2931132234851194886
2931132233769065472
2931132234339489800
2931132233416741891
2931132231990678536
2931132226051544064
2931132231311201282
2931132232997311488
2931132232737266689
2931132232410110981
2931132232334612484
2931132230195517448
2931132225825052675
2931132224659035141
2931132213560908810
2931132224407376903
2931132223040033800
2931132222880652292
2931132213577683970
2931132223065199617
2931132223895672836
2931132222603826178
2931132221840463873
2931132221941126145
2931132213502186498
2931132213527352328
2931132213569297413
2931132213594463239
2931132213577683971
2931132213560908809
2931132213510576135
2931132213518965765
2931132213552520195
2931132213518965764
2931132213477021704
2931132213586073602
2931127624388352008
2931122452501141505
2931122452475974659
2931122452467587079
2931122452484364293
2931122452484364295
2931122452526306309
2931121645022124040
2931121473030493192
2931121298035742725
2931121130750121993
2931120961233132544
2931120747910831112
2931120569308978181
2931119998850079744
2931118460614251523
2931117962783922178
2931117416089951237
2931117181250869256
2931116731957025796
2931116560183498752
2931116367077743621
2931116163821770759
2931115863366999041
2931115662854099972
2931115466258682881
2931066456940518402
2931061557246859271
2931059171786791942
2931058574283020292
2931046603009594370
2931046603026371592
2931025147383027721
2931025147383026695
2929096346524753923
2929096346575086595
2929096346524755971
2929096346617029641
2929096346658973704
2929096346650583048
2929096346600253445
2929096346617030665
2929096346466033669
2929096346818356224
2929096346591863809
2929096346751247360
2929082955747857410
2929082947501856769
2929082947719961606
2929082947694794759
2929082947703182343
2929082947694794758
2929082947678016518
2929082947485079559
2929082947594132488
2929072932997075970
2929054187436151810
2929045134181965826
2928997958009529351
2928946310709026816
2928946310700638213
2928945820713656323
2928869948530925571
2928866852035667968
2928846259949185033
2928829243792071684
2928477531529058306
2928477531436784645
2928471179607972870
2928302213296071683
2928160460618377220
2928156430873700360
2928118025972390918
2928105129896880133
2928104452617445378
2928103606928319497
2928101021861321736
2928095076645120004
2928095076687063049
2927658333022233606
2927633007722407939
2927610757619160066
2927488848772503560
2927391058222422019
2927391048525191178
2927391048525191177
2927391048609077249
2927391048500025344
2926997573560473609
2926990888812975106
2926990600412632065
2926958687195015174
2926958687136293889
2926945845939054598
2926945845830001671
2926941386563430408
2926941386563429379
2926941386513096713
2926941386513096712
2926941386588595207
2926799807873851395
2926799807865462787
2926799807840297992
2926799807806744584
2926799807823519744
2926799807848686599
2926799807865462786
2926799807857074184
2926772434981917699
2926772435057415168
2926772434545712128
2926772434512157698
2926772434688318469
2926717284154122240
2926680383430892550
2926138674632501249
2926118754398021635
2926118754398021634
2926118754364467203
2926118754423187465
2926118754356078596
2926118754314133508
2926075733690327045
2926060911271651330
2925984505011411975
2925567486042611721
2925567485849675781
2925567486151665667
2925567485900005378
2925538674009481220
2925538673984315396
2925538673925595143
2924153887315238912
2924153422234034180
2923935431286368261
2923925095321736199
2923879350723977219
2923867152672925698
2923798466868059145
2923370754235995137
2923370741946684423
2923370741955075076
2923370741988629506
2923370741929909248
2923370741921520646
2923370742013795337
2923370741938295811
2923362094759842816
2923359649279289347
2923359658053773318
2923359649153458178
2923359649262512132
2923359649371564034
2923359649354786818
2923359649195403267
2923359649161848832
2923359649170235393
2923359649354786819
2923359649203791880
2923359649338009602
2923359649329620995
2923359649170235394
2923359649346396169
2923359649363175432
2923359649187014663
2923359649086351366
2923359649270898697
2923357572201228288
2923355112510364678
2923332535410796548
2923331994437855239
2923248228650491904
2923241112963424265
2923201539923287041
2923200031534128130
2923200031433464835
2923045014596526086
2923044673784161283
2922678232744502273
2922663242226506755
2922477853872269319
2922326194810559497
2922326194827336710
2922326194751839240
2922326194802170888
2922326194802170889
2922314535559795718
2922314525090814980
2922314525115980807
2922314233662182403
2921908291472757769
2921908291506312201
2921908291430814723
2921698781936263173
2921697998532551689
2921697998557717506
2921697998389946372
2921697998582882309
2921697998431889415
2921697998415112201
2921697998373168133
2921697998373169152
2921693229533407232
2921693229525018629
2921627367199775748
2921627367266882565
2921618941816116229
2921617987435795456
2921564705698916360
2921560210134832136
2921231635288464392
2921231635305241601
2921231635288464391
2921231635288464390
2921231635313629191
2921231635313629192
2921231635330405380
2921231635305241600
2921202748311510017
2921202741508347908
2921202740661097480
2921202732079552518
2921202732146662409
2921202731953724422
2921202732196994050
2921202732138273798
2921202732129883144
2921202732079552517
2921202732163437575
2921202732096329731
2921202732121495560
2921202732079551490
2921188414411805699
2921188409949066243
2921188408866936832
2921188407625422857
2921188405201114121
2921188404538416133
2921188404194483206
2921188402374154242
2921188401585626120
2921188400058897411
2921188399136151559
2921188396149807109
2921188392811142149
2921188382124054530
2921188390286169097
2921188391913560068
2921188391947115520
2921188382048558088
2921188382249882629
2921188382124054532
2921188382031780866
2921188382098888704
2921188381939504137
2921188382015003652
2921178120096617476
2921173198307367936
2921119701947951110
2921069975227634690
2921069975085028360
2921069975085028361
2921039873471195144
2921039873680910340
2921039883235534849
2921039883067760648
2921039873429252104
2921039880651841536
2921039873471195146
2921039873487972356
2921039873303422984
2921039873429252105
2921039873471195145
2921039873169203202
2921039873269868546
2921039873378918406
2921039873378918407
2921039873177593863
2921039873202757636
2921039873219536896
2921039873370529795
2921016198328002569
2920919239298689024
2920902455321468937
2920900485584032774
2920900462565693440
2920900461617780738
2920900461391288323
2920900460216883209
2920900460057499652
2920900450377046021
2920900449554961409
2920900449353635845
2920900446979658758
2920900435696983040
2920899951774967812
2920899951800133639
2920899951791745027
2920899951842074628
2920899951875629057
2920479864077195265
2920479864018475013
2920479864060418056
2920479864026863624
2920474401575053315
2920454239807383557
2920446585160636425
2919521337754032135
2919092565749831687
2919092196600750086
2919091844027555843
2919091440174800900
2919091099001724932
2919090890955859973
2919042872374241289
2919042872583954438
2918993936833878025
2918977801262502920
2918977564393383942
2918959948937335815
2918932897010329604
2918916965701556232
2918916965651224579
2918916965743500295
2918916965743500294
2918843149499541504
2918824567852017670
2918809698591350785
2918736925881836548
2918732878370083847
2918723605611190274
2918719325349128192
2918359873127224328
2918359873127224327
2918354957067397129
2918354957059008516
2918332718137780227
2918332718255218692
2918329971497804807
2918329971531359237
2918230377061454855
2918012121100883976
2917582150263940098
2917581778581493769
2917581566743977985
2917574622083852291
2917574621890914307
2917483103242984453
2917483103242984454
2917483103150707721
2917482986154791942
2917482986062517249
2917482986154793988
2917267357187483649
2917266106362143747
2917228786611167235
2917228786619555847
2917228786871215107
2917200289838699526
2916859555570818049
2916845120697439235
2916809469977467913
2916674061427842056
2916673889268441092
2916673723677321225
2916673561693300745
2916673175465010183
2916673005964794886
2916672077790487558
2916671168264051717
2916670795801467906
2916670382477974533
2916670041707554822
2916220458514818053
2916220458430931973
2902338678619667463
2819605523224068098
2591940790179597312
2591037734617358345
2937706116374632451
2929049670011363336
2917450275692254213
2870337158969850887
